	B.cells.naive	B.cells.memory	Plasma.cells	T.cells.CD8	T.cells.CD4.naive	T.cells.CD4.memory.activated	T.cells.follicular.helper	T.cells.regulatory.Tregs.	T.cells.gamma.delta	NK.cells.resting	Macrophages.M1	GEP	IMPRES	SZABO	TIDE	TMB	TCR_Richness	TCR_Evenness	TCR_Shannon	BCR_Richness	BCR_Evenness	BCR_Shannon
TCGA.05.4384.01A	0	0	4.04724080405623e-05	0.000438645740454668	0	0	3.60938787651324e-05	0	0	0	0.000151021173873951	17.2370774636478	10	-0.501476082514552	-5.51191832007538	163	1	1	1	1	1	1
TCGA.05.4390.01A	0	0	0.000559211020418476	0	0	0.000179254397933008	0.000149707375303155	0	0	0	0.000151397318800186	13.8724241967939	9	-0.910160585822233	-4.22282097152387	742	1	1	1	1	1	1
TCGA.05.4398.01A	0.000401854532128328	0	0	0.000327908784625142	0	0.000404911632999558	0.000544175264694719	0.000215351359207333	0	0.000118625284536503	0.000699186207838692	22.9813025212772	7	0.327125759975915	-4.08492763147505	963	1	1	1	1	1	1
TCGA.05.4402.01A	0.00016990843439888	0	0.00305620403388406	4.87594831876171e-06	0	0	0.000217897651030921	0.00043816663111781	0	0	0.000528445545122418	20.4065848342544	9	0.056900188094079	-3.56003339588283	151	1	1	1	1	1	1
TCGA.05.4425.01A	0	0.000166281808326562	0	5.52013921033835e-05	0	0.000132861447322895	0.000183467961011889	0.00015882989978751	0	0	0.000302263696953231	22.5272303726868	8	0.140272846603687	-3.44412455240989	59	1	1	1	1	1	1
TCGA.05.4427.01A	6.44919748350197e-05	0	0.00329991564320247	0.000238628706853193	0	0.000299060048859706	0.000373452364318405	0	0	0	0.000626758609905348	22.1331609481012	8	0.962444194491347	-3.3579972575664	1310	1	1	1	1	1	1
TCGA.05.4432.01A	0	0	0.00373570989329998	0.00050848525825859	0	6.81038892553313e-05	0.000425417276211867	0.000156257078255614	0	0	0.000985352448407198	22.9388738210397	11	0.555085699784422	-3.18703172545591	770	1	1	1	1	1	1
TCGA.05.5428.01A	0.000102364764137127	0	2.07237671054555e-05	3.43561642789932e-05	0	0	7.89611572949399e-05	0	9.1817626058216e-06	0	7.96868572386492e-05	10.5928925108315	7	-0.918727678440428	-3.1700564532011	498	1	1	1	1	1	1
TCGA.38.4628.01A	0.000114459606362425	0	0	0	0	0	9.70754047266617e-06	6.06933412300697e-05	0	0	2.81736956756535e-05	11.0369088146608	9	-1.85788557548929	-3.1118994868433	165	1	1	1	1	1	1
TCGA.38.6178.01A	0.000153736401034847	0	0.00183421027989435	0	0	0	0	0	0	0	0.000207863268714233	19.8717653304181	8	-0.422449662327732	-3.11070987586034	82	1	1	1	1	1	1
TCGA.38.7271.01A	0	0.00682614276283642	0.000242469687750368	0.00286458289211926	0.000388496709612731	0.000530354922389812	0	0.000746184901004763	0	0	0.000445975914061809	26.819774412195	9	0.474994691623003	-2.65426315024148	92	1	1	1	1	1	1
TCGA.44.2659.01A	0	0	0.00414105630451299	0.0012707160319937	0	0	0.000182303748345676	0.000609775891993334	0	0	0.000918888332018547	23.1676622286635	8	0.218642615758062	-2.62411181673852	553	1	1	1	1	1	1
TCGA.44.4112.01A	0	0	0.000263702414786963	0	0	0	0	0	0	0	1.48946601525313e-05	6.26548182971406	8	-2.12109269723068	-2.61921294396981	581	1	1	1	1	1	1
TCGA.44.4112.01B	0.00016106677973403	0	0.000736124848464965	0	0.000138367778032985	0	0	0	0	0	3.27735676931406e-05	16.0636281854814	9	-0.123496601125096	-2.61800448336342	NA	1	1	1	1	1	1
TCGA.44.6146.01A	0	0	0	0	0	0	4.0972841722349e-05	0	0	0	2.77351713133022e-05	7.82779768695924	8	-1.61761544016564	-2.50930527216025	36	1	1	1	1	1	1
TCGA.44.6146.01B	0	0	1.13472007246816e-05	0	0	2.27535196926383e-06	0	0	0	0	0.000122202052219195	13.9196285342402	7	-0.269681876815587	-2.49462847802761	NA	1	1	1	1	1	1
TCGA.44.6774.01A	0	0	0.00184860755555034	0	0	9.71554079081553e-05	0.000150939277204488	0.000423787565912205	0	0	0.000288720201044911	20.073084531332	9	-0.178500207470803	-2.42271133593824	379	1	1	1	1	1	1
TCGA.44.7669.01A	0	0	0.000546473655691893	0.000212062390993807	0	0.000141134396942399	0.000296604138123562	0	0	0.000309171852018896	0.0010524038083326	22.8336865047604	8	0.899758599379541	-2.13083650975035	593	1	1	1	1	1	1
TCGA.44.7670.01A	0	0.000138892252435654	5.92596998802183e-06	0.00018742439771296	0	0.000337502844312116	8.52399696677093e-05	0	0	0	0.000340054367023983	18.0145881103771	11	0.0451314170002177	-2.06912593875303	1426	1	1	1	1	1	1
TCGA.44.8117.01A	0	0	0.000927053798400754	0.000120673014401899	0	0.000304352417072938	6.05671806965492e-05	0	0	5.04174343391992e-06	0.000207376088106086	17.5045846331224	9	-0.392026726853841	-1.97700582785486	982	1	1	1	1	1	1
TCGA.49.4490.01A	3.19767492655521e-05	3.12033981248458e-05	1.71477845671908e-05	0	0	0	5.08019598028322e-05	0.000613646155780223	0	0	0.000183314785978428	16.2595629643733	8	-0.978825503312059	-1.94155508229689	65	1	1	1	1	1	1
TCGA.49.6743.01A	0	0	0.00173423054769363	0.000479733428282613	0	0.000116350226326888	0	0.000172649927079858	0	0.000147329223191615	0.000446078063102945	22.2909723044739	8	0.450761761492958	-1.84424699459579	991	1	1	1	1	1	1
TCGA.50.5051.01A	0.000165582050863691	0	0.00183168624731473	0.000124912544566663	0	0	0	0.000196039428669312	0	0	5.84826800018665e-06	13.5806906764857	9	-0.799851694476149	-1.82646041271758	145	1	1	1	1	1	1
TCGA.50.5066.01A	0	0	0.00213504189584682	0.0012609935023468	0	0.00193099604229191	0	0	0	0	0.000435970861045076	22.1302201271308	7	0.0896673043194203	-1.82350568152188	337	1	1	1	1	1	1
TCGA.50.5066.02A	0	0	0.0040308786042123	0.000339115686186356	0	5.06805076410909e-05	9.93195904100154e-05	0	0	0	0.000610665561028236	19.5136226841186	8	0.178184116425799	-1.75643192200954	NA	1	1	1	1	1	1
TCGA.50.5072.01A	0	0	0.000896462240226123	0	0	0	0.000318169876468269	0	0	0	0.000266344378346633	17.352449232045	6	-0.533292689485614	-1.58576606349266	208	1	1	1	1	1	1
TCGA.50.5933.01A	0	0	8.05048053553313e-05	0.000343213899190246	0	0	0.000181277577606029	0	0	0	0.000101330218206075	22.5312981522746	9	0.330271022474809	-1.56892644776147	645	1	1	1	1	1	1
TCGA.50.5941.01A	0.0004301758339177	0	0.00391102859627128	0.00258393280140491	0	0.000539552541489223	0.000126808765149001	0.00169339652608542	0	0.000214284619841978	0.00382915608613992	28.790804789109	7	1.20593644043704	-1.55759040343768	488	1	1	1	1	1	1
TCGA.50.6595.01A	0	0	0	0.000523766143755321	0	0.00090595648580443	0	6.51315281414234e-05	0	0.000233168270745997	0.00136947838914298	26.7576119511326	8	1.3656849171313	-1.53288107005198	109	1	1	1	1	1	1
TCGA.53.7813.01A	0	0	0.00319197846603011	0.000378608473780399	0	0.000940180719521654	0.000676886692369539	0	0	0	0.000281318349757877	18.5979235622104	9	0.0059488152487725	-1.52976568649833	197	1	1	1	1	1	1
TCGA.53.A4EZ.01A	0.000259961025848932	0	0	0.000131745226125875	0	0	0.000324522030928313	1.32203256716763e-05	0	0	0.000205863095941368	14.9662972333582	9	-0.38424421419502	-1.42647456187529	711	1	1	1	1	1	1
TCGA.55.1596.01A	0	0	0.000442474726597106	0.000177987732574168	0	0	0.000387322418868916	0.000235674427819626	0	0.000118938209749999	0.000492871045485234	19.308290341235	9	-0.0403274018120798	-1.41922795256549	258	1	1	1	1	1	1
TCGA.55.5899.01A	0	0	0.00110063558940262	0.000480654708928555	0	0.000289043067945505	0.000261084749236705	0	0	0.000562004622998901	0.000548906768036753	22.5548327877514	9	0.390391468303759	-1.41148744239902	582	1	1	1	1	1	1
TCGA.55.6712.01A	0	0.000405679991577111	0.000948064041374499	0.00194044463549641	7.54306269223124e-05	0.000904268334081366	0	0	0	0	0	27.6485162063149	9	1.17540751799843	-1.33330891044954	201	1	1	1	1	1	1
TCGA.55.6970.01A	0.000117811621095652	0	0.00469105535949819	0.000771455092268787	0	7.59559315923323e-05	0.000384540176146909	0.000145501444612883	0	0	0.000678563507161131	23.0554994052626	7	0.418924691134252	-1.31447118481866	221	1	1	1	1	1	1
TCGA.55.6979.01A	0.000203682522129571	0.000151222312294761	0.00187501316071885	0.0021859610126188	0	0.0004787012658101	0.000457889121490853	0.00113538372632596	0	0.000238505677316727	0.0038443460072083	29.3606641274806	9	1.44628215518442	-1.20429605793513	158	1	1	1	1	1	1
TCGA.55.7227.01A	0	1.9085347226548e-05	0	0.000529605436399718	0	0	0.000741061998427181	0.000206741396159972	7.49790938971992e-05	0	0.000355111126090668	22.1823152784533	9	0.36577483439079	-1.18254554700656	212	1	1	1	1	1	1
TCGA.55.7281.01A	0.000255046144260176	0	9.6765940643743e-06	0.000221406371208748	0	0.000165917776752077	0.000409023617602997	0.000346491430319292	0	0	0.0010607621180027	20.451900057775	8	-0.159588918315658	-1.08915013039728	588	1	1	1	1	1	1
TCGA.55.7283.01A	0	0	0	0.000739849693422345	0	2.825889002832e-05	0.000179873401216658	7.47933571135382e-05	0	0.000147685513842258	0.000382595879576047	20.3841659356782	11	-0.160328098762838	-1.0784124761566	302	1	1	1	1	1	1
TCGA.55.7574.01A	0.00153107733825861	0.0017855723179701	0	0.00230785461929741	0	0.000405989227711895	0	0	0	0	0.000762153856928956	24.2664762189233	6	0.282114575090073	-1.07669039789491	309	1	1	1	1	1	1
TCGA.55.7910.01A	0	0	0.00197329819588287	0	0	0.000184165520730071	0.000168541045923965	0	0	5.11519616948223e-05	0.000125565052395077	15.3354830308254	6	-1.00782685491156	-1.06506936289644	386	1	1	1	1	1	1
TCGA.55.7914.01A	4.67299351166534e-05	0	0.0061387867668864	0.000723135351259632	0	0	0.000843998206531242	0	0	0.000179461440341901	0.000969078105389385	22.0950930071431	9	0.433126919529181	-1.03747640931914	230	1	1	1	1	1	1
TCGA.55.7994.01A	0.000322380090528307	0	0.000928023239772139	0.00182596370667385	0	0.000945659936826028	0.000411719884920485	6.05096713876192e-05	0	0	0.00109709193330195	28.4284627356909	11	1.60845972710682	-1.02837767372268	1990	1	1	1	1	1	1
TCGA.55.7995.01A	0.000609623419766009	0	0	0.00372160247587159	0	0.000501612404103735	0	0.000516324113880416	0	0	0.0010205317683078	28.8405645098413	7	1.45044695592681	-0.949401032938348	857	1	1	1	1	1	1
TCGA.55.8205.01A	0.00023067704796994	0	0.00269255118456771	0.00263079967553006	0	0.0015650112042247	0	0	0	0.000190479624431755	0.00433560216079584	29.1318930829081	11	1.68459111333559	-0.89078808810606	757	1	1	1	1	1	1
TCGA.55.8301.01A	0	0.000813554909091228	0.00340446376153843	0.00202720583156468	0	5.30449080178483e-05	0.000803313080265513	0.000795566216744787	0	0	0.00680317408151682	29.2798957335866	5	1.43091345874836	-0.858895291043298	380	1	1	1	1	1	1
TCGA.55.8505.01A	0	0	0.00160782151859361	0	0	0	0.000175225678770273	0	0	0	0.000126749795297988	14.3934558415062	7	-1.13416917125761	-0.802224345452871	221	1	1	1	1	1	1
TCGA.55.8508.01A	0	0	0.0068497310419898	0.000163190098311113	0	0	8.75243337792117e-05	0.000445403237404973	0	0.000122138579302527	4.52699931776288e-05	18.7840182308923	8	-0.642065553697668	-0.773756212126692	244	1	1	1	1	1	1
TCGA.55.8615.01A	0	3.51134808791637e-05	4.05795957931849e-05	0	0	0	0.000188516677370219	0.000122959537956199	0	0	0	10.7401636439113	9	-1.60945325516855	-0.669621959040772	181	1	1	1	1	1	1
TCGA.55.A48X.01A	0.00122453393774785	0.00307313649276706	0.00064858407475999	0.000775640455051942	0	0	0.000404656072762073	0.000897904383030997	0	0	0.000163908431407433	23.7957111789474	8	0.327528132551067	-0.660258356701636	521	1	1	1	1	1	1
TCGA.55.A48Y.01A	0	0	0.00128696578347576	0.00026163546771805	0	8.92454038453562e-05	6.83595674458059e-06	0.000360623724754367	0	0	0.000386975976260821	18.6505934839169	7	-0.44090853032802	-0.637661428881823	516	1	1	1	1	1	1
TCGA.55.A48Z.01A	0	0	0.000634073569654666	0.000411349617187809	0	1.87785164861926e-05	7.42855159612891e-05	0.000835784659611984	0	0	0.000329440772279657	24.4178068200882	7	0.609704834477071	-0.606335516901865	73	1	1	1	1	1	1
TCGA.55.A490.01A	0	0	0.000393192885808736	2.10226373117494e-05	0	0	0.000453073797223237	0.000392455523556818	0	0	0.000171817077382153	13.6650312749585	8	-0.91873034389949	-0.599434629493902	1773	1	1	1	1	1	1
TCGA.62.8394.01A	0.000205816465765127	0	0	4.0655626322537e-05	0	0	1.89960238423592e-05	0.000689004287960381	0	0	0.000500332085254511	20.8361738382034	10	-0.195041054314783	-0.565312382865267	174	1	1	1	1	1	1
TCGA.62.8398.01A	7.32304960408501e-05	0	0.000655479276157052	0.000199129790037809	0	0.000535958239834971	0.000219910663947781	0	0	0.000103572948552539	0.000610972509716175	21.2263820658763	7	0.1882073121439	-0.535025653829342	112	1	1	1	1	1	1
TCGA.62.A46U.01A	0.000255832455806499	1.28616065412182e-05	0	0.00137483559316722	0	0.000290087616698693	0.00101262910873432	0.00209310668235974	0	0.000262433410517178	0.00523355585875747	29.2930640074978	4	1.39012490002974	-0.375000548390143	65	1	1	1	1	1	1
TCGA.62.A46Y.01A	0.000324305649325745	0	3.22885731867943e-05	0.000909278935005043	0	0	0.000519653462476531	0.000212188885457761	0	9.99658127902903e-05	0.000592276283724786	21.8887337911166	9	0.437509375934425	-0.308613798851594	47	1	1	1	1	1	1
TCGA.62.A471.01A	0	2.09282379288272e-06	0.000598931800662072	0.000103133609311204	0	0.000392612401353879	0.000208685246646238	3.5001950451967e-06	0	0	7.06935894042238e-05	17.2344672022647	9	0.0113987129571859	-0.305947006848395	161	1	1	1	1	1	1
TCGA.64.1679.01A	0	0	0.000374041524957557	0	0	0	0	0.000410002844166345	0	0	0.00035211431418207	17.7634704854118	8	0.0880109264394532	-0.197207580187336	647	1	1	1	1	1	1
TCGA.64.5775.01A	1.36735366761612e-05	0	0.000112696567826041	0	0	0.000118393391430967	0	0	0	0	0.000164343220198401	14.1915013827719	8	-0.827470646993606	-0.182263113840751	649	1	1	1	1	1	1
TCGA.64.5781.01A	0	0	0.000537292624703183	0.00220781948632456	0	0.00215600582675064	0.000244883089169364	0	9.99391844098157e-05	0	0.000752880074975988	23.2067733756003	9	0.793542608054112	-0.163865363733599	1447	1	1	1	1	1	1
TCGA.64.5815.01A	0.000143036271095081	6.48773863250155e-05	0.00250326391366568	0	0	0	6.61799499851659e-05	0.000431272517285628	0	7.97906393188266e-05	4.94604625778775e-05	19.2613641281314	10	-0.0628903237913296	-0.154857845043697	229	1	1	1	1	1	1
TCGA.67.6215.01A	0	0.000121983038079634	1.35378393006504e-07	0	0	0	0	0.000119655635886647	0	0	0.000110501725727641	14.1159355246107	7	-1.00585337482123	-0.0946472974620465	134	1	1	1	1	1	1
TCGA.69.7760.01A	0	0	1.0152935827647e-05	0	0	0	4.95464810050151e-05	0	0	0	0	10.0527444117234	5	-1.51955782136249	-0.000270609946002819	95	1	1	1	1	1	1
TCGA.69.7765.01A	0	1.20529602605637e-05	0.000586914471592759	0.000825171448158774	0	0.000129341194567335	0.000178873963244965	0.000132739120663035	0	2.4387404735668e-05	0.000424116832333454	21.407268366524	11	0.197203586082775	0.0398253995110912	775	1	1	1	1	1	1
TCGA.69.7973.01A	0.00039505339081129	0	0.000388522140201944	0.0003632749925991	0	0.000384118292829239	0	2.10205682093677e-05	0	1.24632678186794e-05	0.000104993609748275	17.3915291461578	11	-0.135085684753629	0.0758450442872039	344	1	1	1	1	1	1
TCGA.69.7974.01A	0.00012869711895345	0	0.000157221823399479	0.000418903735118083	0	0	0.000481160528219654	0	0	0.000360858531683354	0.000553624255578851	24.8813676853137	8	1.02626314422672	0.0799189754240512	658	1	1	1	1	1	1
TCGA.69.8253.01A	0	0.000344810523131557	0	4.67031867783109e-05	0	0	0.000103674301093973	0	0	0	0	15.1310164699757	11	-1.17889183276352	0.110741121577288	211	1	1	1	1	1	1
TCGA.69.8453.01A	0.000352359260038173	7.32272079119993e-05	0	0.00081926390176972	0	0	0.000139761465113683	0.000147574149566183	0	0	0.000975978962121878	24.0535339135524	9	0.248580799724507	0.122620218772311	NA	1	1	1	1	1	1
TCGA.69.A59K.01A	0	0	0.00510741109424152	0.000686072725568981	0	0.000402260693150509	0.000136993622344494	1.38937190082333e-05	0	3.39526335205413e-05	0.000378127472855593	23.5921594951714	9	0.739861819301048	0.128599653524821	653	1	1	1	1	1	1
TCGA.71.6725.01A	0	7.48350869167878e-06	4.0150266580471e-05	0	0	0	0	0	0	0	1.17192003694526e-05	8.71215386351859	8	-1.43480619120136	0.256001700716414	79	1	1	1	1	1	1
TCGA.73.4668.01A	0	0	0.00291469084156418	3.32351527655298e-05	0	0	0.000168495279840598	0	0	6.96729920330595e-06	0.000129712419029121	15.6060724566865	10	-0.579852454755841	0.298713734204808	751	1	1	1	1	1	1
TCGA.73.4675.01A	0	8.70583992341249e-05	5.58711579627712e-05	0	0	0	0.000117833084658515	0.000233255185997404	0	0	0	13.7114119229027	8	-1.23536924993348	0.305349088046866	91	1	1	1	1	1	1
TCGA.73.A9RS.01A	0	0	0.000897833366757834	0.000117727936005738	0	0	0.000366143738218157	0	0	1.18284509620269e-07	0.000290529034831817	17.8149921005063	9	0.168192834130196	0.331466843806275	1241	1	1	1	1	1	1
TCGA.75.6212.01A	0.000925875863089211	0	0.0020641639806612	0	0	0	0	0.000290135272962792	0	5.47031933739285e-05	5.54013541892596e-05	17.6188138756222	12	-0.819373994812052	0.339145634317619	27	1	1	1	1	1	1
TCGA.78.7150.01A	0	0	0.000228259588108014	1.43699289522624e-05	0	3.85913190506943e-05	0.00024559704574701	0	0	0	0.000105601610584926	16.290989124682	7	-0.243252027681332	0.434257310807754	533	1	1	1	1	1	1
TCGA.78.7155.01A	0	0	2.05814848137342e-05	0.000353699809633696	0	0.000179053439960423	2.1795153183457e-05	0	0	0	0.000102716674397986	16.8224154964681	10	-0.321091824504494	0.497527262676092	1963	1	1	1	1	1	1
TCGA.78.7158.01A	0	9.4198005699579e-05	0	0	0	0	0	9.74916816005588e-05	0	0	0.000132813540775658	12.4769736645025	7	-1.24966808514163	0.519215318426679	312	1	1	1	1	1	1
TCGA.78.7161.01A	0	0	0.00112312118691577	0	0	0	0	8.41617074067638e-05	0	0.000160919260350642	6.22768410712821e-05	12.9260698682794	7	-0.896408684894358	0.532387788036615	239	1	1	1	1	1	1
TCGA.78.7539.01A	0.000199400801803274	0	0.00105171155205282	0.00147635229089743	0	0	0.000725995765905906	0.000379586759610029	0	0	0.000985259462652307	24.9625374535829	7	0.819010940344067	0.543596248311638	622	1	1	1	1	1	1
TCGA.86.7711.01A	0	8.47973579411885e-06	0	1.45790087742524e-05	0	0.000265356569324756	0	0.000152195137544962	0	0	0.000320711318203086	19.9358731993421	8	-0.067960672638769	0.555020303134426	297	1	1	1	1	1	1
TCGA.86.7954.01A	0.00054047313671341	0	0	0.00109997461101903	0	0.000181763118985632	0.000372632779963195	0.00131577314947235	0	0	0.00306484046617962	27.5387621937245	5	1.25108242214151	0.592167521026918	274	1	1	1	1	1	1
TCGA.86.8280.01A	0.000290449188296693	0	0.00478722507781102	0.000704560701362166	0	0	0.000954291084904264	0.000394514523977869	0	2.08051970502901e-05	0.00197165728386689	24.6556195657524	10	0.42918144061519	0.636630852511462	56	1	1	1	1	1	1
TCGA.86.8669.01A	0.00015632861309604	0	0.00323176434492422	0.000653937507713338	0	0	0.000180427438484067	0.000329970665234031	0	0	0.000465122928939621	20.2081467936032	6	-0.214992348707734	0.639900172415403	268	1	1	1	1	1	1
TCGA.86.8671.01A	0.00145180065570511	0.00297754406472407	0.00261524508835455	0.00451370391579765	0.000156028347017107	9.10210201349276e-05	0.00084743472476974	0.00300286695333418	0	0	0.00487646913432932	30.9603882188905	8	1.33386396204128	0.67341880071025	39	1	1	1	1	1	1
TCGA.86.A4P8.01A	0.000762823042628298	0	0	0.00177467883800358	0	0	6.08465488540372e-05	0	0	0.000604913156224577	0.00082885393879685	25.259060296227	10	0.464997217891924	0.72421710806923	1	1	1	1	1	1	1
TCGA.91.6848.01A	0	0	0.00173972707527728	0.00093696737640457	0	0.001276363959919	0	0	0	0	0.00157066186041764	25.9851712284832	12	1.07749731521439	0.766194565908233	761	1	1	1	1	1	1
TCGA.91.7771.01A	0.000439703753841348	0	0.00271871314236256	0.000980710651883872	0	0	0.000128685204001368	0	0	0	0.00115723479660082	23.9890501622793	8	0.25522869421019	0.806527916101282	259	1	1	1	1	1	1
TCGA.93.A4JP.01A	0.000311545075005104	0	6.68966585723763e-05	0	0	0	0.000428227999486039	0	0	0	0.000548570686143114	22.5279208186855	10	-0.131734722453318	0.863026130220581	83	1	1	1	1	1	1
TCGA.95.7562.01A	0	0	0.00155473516261047	0.000364627690055679	0	0.000160244901389665	0	0.000352597485245683	0	0	0.000682811604928101	21.2423576322295	7	0.20389000267432	0.920873289767665	523	1	1	1	1	1	1
TCGA.95.7567.01A	0	0	0.00188381609559264	0.000282461207599426	0	0.000432486766124068	7.17060287532024e-05	0.000694281838202528	0	0	0.000289857894424888	21.0311033228015	9	0.558244029688358	0.9433550065308	1242	1	1	1	1	1	1
TCGA.95.A4VK.01A	0	0.00174934179588326	0.00112483707184801	0.000538430792344946	0	0	0.000585062500128367	0.000397675873014339	0	0	0.00031735492426396	20.1604050008898	9	0.208874124678294	0.984169811283994	342	1	1	1	1	1	1
TCGA.95.A4VP.01A	0.000435480228428386	0	0.000971309925411321	0.000507453917661814	0	0.000374193157773853	0.000404103745631727	0.000209703334790209	0	8.52182708524755e-05	0.00023393661174436	20.2237240351185	7	0.0556773813530655	1.25618888019939	171	1	1	1	1	1	1
TCGA.97.7554.01A	0	0	0.001729887214249	0.000214449813966971	0	0	9.53762282934887e-05	0.000397759498798894	0	0	0.000620635487548626	22.1029130725259	10	0.323572809628038	1.68072431934761	576	1	1	1	1	1	1
TCGA.97.8176.01A	0.000211261545030318	0	0.000365757316460093	5.14475030568975e-05	0	0	0.000377442016567426	0	0	0	7.2622533437702e-05	15.8378393365283	8	-0.937784529710072	1.70010861990284	203	1	1	1	1	1	1
TCGA.99.8033.01A	0	0	0.00018919412054893	0.000320267019047876	0	0.00287954638983904	1.3573129692665e-05	0	0	0	0.000831743441785525	25.3193274425812	8	1.19172392827078	1.85936641273828	227	1	1	1	1	1	1
TCGA.J2.8192.01A	0.00105111930663167	0	0.000497641833770732	0	0	0	0	0	0	0	0.000399648484699438	22.9565595748073	7	0.314229985983867	1.92071276810704	85	1	1	1	1	1	1
TCGA.J2.8194.01A	0	0	0.000173179987042289	0	0	0	0	0	0	0	0.000351075994190462	15.9177312295856	5	-0.718021637778668	1.98837988102272	198	1	1	1	1	1	1
TCGA.L9.A7SV.01A	8.26110539097324e-05	0	0.000131115039079743	0.000134978364703464	0	0	0.000228993646131845	0	3.57248945382211e-05	1.69018614699822e-05	0.00024076099619955	15.0445235987456	11	-0.727185812589073	2.0528512709517	2105	1	1	1	1	1	1
TCGA.MP.A4TC.01A	0	0	0.000244395225173996	0.000319781870282055	0	0.000214686715470699	0.000733605463520898	0	0	8.01399726058812e-06	0.00075369779117722	24.7123294234466	6	1.05651732978758	2.13129863053112	353	1	1	1	1	1	1
TCGA.MP.A4TD.01A	0	0.00120677844825162	0.000739503286737286	0.000109059110320883	0	0	0	0.000635894049924755	0	0	0	18.0249316160654	7	-0.772148163944792	2.87941238854073	103	1	1	1	1	1	1
TCGA.NJ.A7XG.01A	0.000150517172437598	0	0.000120251218208874	0	0	0	0	8.44222770763923e-05	0	0	2.00677224002141e-05	11.7052384694977	10	-1.42408003852532	4.02530572337117	46	1	1	1	1	1	1
TCGA.18.3417.01A	0	0	0.000609936035885862	0.000231706734169502	0	0.000175344173180273	5.28130637245077e-05	5.49876812792423e-05	0	0	3.5421917541494e-05	16.0548480299453	8	-0.470622099035429	-4.14053578665983	381	1	1	1	1	1	1
TCGA.18.4083.01A	0	0	0.00170298549563944	0.000488804471950794	0	0.000382545797530614	0	9.44684284505972e-05	0	8.89736426397485e-05	0.000286061244912068	22.7412495949399	5	0.831006521982443	-3.8971493714933	489	1	1	1	1	1	1
TCGA.22.5473.01A	0	0	0.000971477315086424	0.000206963119707949	0	0.000282824434208656	0	0	0	0	0.000345916285955881	17.7690498894919	8	-0.338596571564141	-3.74198261105989	1069	1	1	1	1	1	1
TCGA.34.5240.01A	0	0	0.000267019752507442	0.000169152200018159	0	0	9.25822214004506e-05	0	5.059223896092e-05	0	0.000183222060506947	15.692778100741	8	-0.43204941397559	-3.63591295321022	231	1	1	1	1	1	1
TCGA.34.5927.01A	0	0	0.000274216390241685	0	0	0.000229183683146891	0.000166748531822489	0	0	0	0.000123110372957238	15.7635789280452	7	-0.30797879328948	-3.57950598976786	347	1	1	1	1	1	1
TCGA.34.8454.01A	0.000428256012960409	0	0.00432314420722391	0.000373996180692071	0	0.00163553533622693	0.001582035905718	0	0	0.000840804400587768	0.0021566894352629	25.8142878838973	10	0.801662799485885	-3.36900016284049	748	1	1	1	1	1	1
TCGA.39.5021.01A	0	0	0.000760218790975367	0.000685961186276732	0	0.000489984127674307	1.90736468266217e-05	0.000159022275281217	0	0	0.00117381871432718	23.5085246792981	8	0.705886378817317	-3.26145527638545	213	1	1	1	1	1	1
TCGA.39.5037.01A	9.20489974383425e-06	0	5.71645766464597e-06	0	0.000100420184309667	0	0	0	0	0	0	6.91715473027768	9	-1.35155034924508	-2.88252364442511	320	1	1	1	1	1	1
TCGA.43.2576.01A	0	0.00017758157981669	0.000973674315914708	0.000349487543745299	0	5.99087033687989e-05	0.000631333612326649	0.000587721618044415	0	3.12776277942806e-05	0.000566607135913154	22.6451833935449	7	-0.0456743151018037	-2.68955477993549	681	1	1	1	1	1	1
TCGA.43.8115.01A	0	0	1.77678714348793e-06	0.00193418473390302	0	0.000531736373453094	0.000578853588160143	0.000597872530926606	0	0	0.000603895644303877	26.2908269169008	10	0.927454973705334	-2.56773504505324	266	1	1	1	1	1	1
TCGA.43.A474.01A	0	0	5.11072451217067e-05	0	2.59406281622407e-05	0	3.98614674214565e-05	0	0	0	2.8820514428834e-05	5.98180941400861	8	-1.4994570644152	-2.45065045126983	500	1	1	1	1	1	1
TCGA.43.A475.01A	0	0	0	0.00484910442900019	0	0.00105338997636665	0	7.45111875297751e-05	0	0	0.00230056893486858	30.9798900967322	10	1.96435609414278	-2.43449280753221	323	1	1	1	1	1	1
TCGA.43.A56V.01A	0	0.000155644833003059	0.000252355214850061	0	0	0	0.000171578683685012	0	0	0	0.000282601817483098	14.1285552937712	9	-0.793231834003703	-2.40445840253405	291	1	1	1	1	1	1
TCGA.46.3768.01A	5.75984364384049e-05	0	2.28342725899219e-05	1.06100644574521e-05	0	0	0.000136891349136138	0	0	9.14723585295637e-06	9.48151382755582e-05	15.9388103208219	7	-0.515822846660364	-2.36872674247661	388	1	1	1	1	1	1
TCGA.46.3769.01A	0	0	0.000864743061190989	0.000917356777701088	0	0.000231249707438732	0	0.000409388689549656	0	0	0.000542739681936594	23.7138614412026	8	0.626147775378716	-2.35792460038192	1251	1	1	1	1	1	1
TCGA.46.6025.01A	0	0	0.00015716470648879	0	0	0.000156045207453645	9.66069516067691e-05	0	0	1.85476467254488e-05	0.000324408907872733	17.8348298433037	9	0.441186608585382	-2.32636806898694	276	1	1	1	1	1	1
TCGA.51.4081.01A	0	0	9.88029601207094e-05	0	0	0	0.000111387823104442	0	0	0	2.32234338911892e-05	11.1776656550009	6	-1.36992231085271	-2.24637571068191	262	1	1	1	1	1	1
TCGA.56.7222.01A	1.96144027592477e-05	0	8.86366799483011e-05	0	0	0	5.14178473369435e-05	0	0	0	4.75126079280207e-05	10.8775535365449	10	-1.35847309564296	-2.20531859040119	524	1	1	1	1	1	1
TCGA.56.7579.01A	0	0	2.51357964962896e-05	0	0	0	0	0	0	0	0.000134536390402113	10.4415773504522	7	-1.37231153709782	-2.1997042170566	333	1	1	1	1	1	1
TCGA.56.7823.01B	0	0	0	1.99366570134282e-06	0	0.000221620736100913	0.000130270336999929	0	0	6.10536283699592e-05	0.000264731358221514	13.9289739250645	12	-0.599500714403746	-2.12094457942602	395	1	1	1	1	1	1
TCGA.56.8624.01A	0.000219562118762176	0.000105859680120506	0.000583496930692427	7.37295127255591e-05	0	0	0	0	0	0	5.65578131357823e-05	13.3801764193156	9	-1.15550491446262	-2.02275174442853	159	1	1	1	1	1	1
TCGA.56.8625.01A	0.000510152009218477	0	0.00204549146547489	0.00198510443278605	0	0.00144702494404357	0.000772124502008109	0.00083714779534084	0	7.70469285542641e-05	0.00166375960108244	29.3264694465618	7	1.3993529165144	-1.97463662153558	698	1	1	1	1	1	1
TCGA.56.8629.01A	0	0	0.000109310560868507	1.72279546173028e-05	0	0.0003007180411702	5.39681350245351e-05	0	0	7.85478666089079e-05	9.12726883946993e-05	17.5948178347827	10	0.134152860738975	-1.94824110742964	352	1	1	1	1	1	1
TCGA.56.A4BW.01A	0	0	0.000607661172179177	0.00013459703192356	0	0.000104476717692221	0.000446774236244629	0	0	0.000319142256837235	0.000497650830853487	19.0656872132623	9	0.297269435647853	-1.94312977735927	304	1	1	1	1	1	1
TCGA.56.A62T.01A	0	0	0.000643589825978292	6.93101153141939e-05	0	0	0	7.35328692417329e-05	0	0.000118448249960324	0.000187157494562684	16.4714018744174	12	-0.349758977563885	-1.74565158500431	659	1	1	1	1	1	1
TCGA.58.8387.01A	0	0.000148284137930734	0.00262985960406702	0.00129185705829858	0	0.000751637344209244	0	0.000138363352987122	6.6244539714715e-05	0.000212468507450856	0.00137411143205668	23.4982194635512	8	0.286649284588806	-1.67929023770488	244	1	1	1	1	1	1
TCGA.58.8391.01A	0	0	3.90213569480474e-05	8.37888839369539e-05	0	0	0.000149221658266413	0	0	6.09320764467485e-05	0.000158251033005019	14.4656286430574	8	-0.521239162676552	-1.66177468760512	457	1	1	1	1	1	1
TCGA.58.A46J.01A	8.19746926468018e-06	0.000102673098771844	0.000834555257323117	0.00018578864561115	0	0	0.000324953037044616	5.10394303447945e-06	0	0	0.000159477574092668	17.1085375636056	9	-0.323104047032126	-1.56387841652783	221	1	1	1	1	1	1
TCGA.58.A46K.01A	0.000129433416178849	0	5.59551309379554e-05	0.000281539847699533	0	9.44495276129725e-05	0.000310754577178337	0	0	0.000240294630205822	0.000959591909654346	22.0233293555285	7	0.784669636602482	-1.54447262326204	183	1	1	1	1	1	1
TCGA.58.A46L.01A	0	0	0.000763579392200844	0.00121867851405497	0	0.000267622996483055	0.000130020961090255	0.000108160563074471	0	0	0.000716833394499265	22.899684090087	6	0.719385551789692	-1.45167745658999	286	1	1	1	1	1	1
TCGA.60.2697.01A	0.000583479498541575	0.00322497976396896	0.0030867144099698	0.00166360682037927	0	0.000347797340376668	0.000579213785946709	0.00132851805492418	0	0	0.000589898833143538	24.8696748044154	9	0.403467148632547	-1.39767834318195	13	1	1	1	1	1	1
TCGA.60.2704.01A	0.000119016065584247	0.000104075548035729	0.000406657450736682	0.000434082468832274	0	0.000766444838262225	0	0	0	0	0.00124392769254767	24.5345444449263	9	0.591025212736932	-1.39600976847793	255	1	1	1	1	1	1
TCGA.60.2710.01A	0.000224693596235861	0	0.000293556674138399	0.000304635252594787	0	0	0.000762748809178424	6.97914605364116e-05	0	5.31485586274576e-05	0.00117999321606872	23.3210802999731	8	0.662089840361054	-1.17018074834298	275	1	1	1	1	1	1
TCGA.60.2715.01A	0.000442326336818388	0	0.000990948880158671	0.000165427297061123	0	0.000332116773083762	6.18667084295581e-05	0.000419606649522131	0	0.00010607489034073	0.000534617524820282	23.547292800447	9	0.263294478789838	-1.13458841000091	159	1	1	1	1	1	1
TCGA.60.2716.01A	0	0	8.02009202388125e-06	0	0	0	2.22490647760728e-05	0	0	0	4.64856100350166e-05	9.02607835544004	9	-1.26627383000007	-1.00198519588566	24	1	1	1	1	1	1
TCGA.60.2720.01A	0	0.000161035896339904	0.00111236380488991	0.000328865576594471	0	0.00059039339333883	0.000441501902987708	0	0	0	0.000471957585200117	18.5418519148841	10	-0.246254058009494	-0.865351961713931	539	1	1	1	1	1	1
TCGA.60.2722.01A	0	0	3.25613836038414e-05	0	0	7.32747469882126e-05	0.000121896346523967	0	0	2.1795167908722e-05	0.000128251841368617	14.9303611468579	9	-0.426639519197831	-0.824176401948051	414	1	1	1	1	1	1
TCGA.63.A5MB.01A	7.6596055396804e-05	0	7.60670096939734e-05	0.000185405061604999	0	0.000330936942816479	0.00029607252576668	0	3.23427007049064e-05	0	0.000592229620431768	19.3284145901013	7	0.109984499314478	-0.801087721432448	475	1	1	1	1	1	1
TCGA.63.A5MP.01A	0.000704688068596543	3.69869062789043e-06	0	0.00139351580383369	0	0.000225978914686947	0	0.000177978724663519	0	0	0.000676914665579511	24.4084764933457	7	0.738428445726259	-0.793048351300041	252	1	1	1	1	1	1
TCGA.63.A5MT.01A	0.000130440771193064	0	0.00121726616418041	0	0.000179595377380508	7.12189782409402e-05	0.000214561284102414	0	0	0	0.00116695490974593	19.5859958199633	8	-0.0413886133995066	-0.744804108012833	310	1	1	1	1	1	1
TCGA.63.A5MU.01A	0	0	0.000303428675691131	0	0	0	0.000104175204781314	0	0	2.30338631508842e-06	0.000126736650824897	12.7492586741768	7	-0.746012949106336	-0.695521280028112	287	1	1	1	1	1	1
TCGA.63.A5MV.01A	0.000728118394861656	0	0.000361614017710885	0.000760194088798552	0	0	0.000299983702446956	0.000103587432275674	0	0	0.000257212392421545	22.2576122574983	9	0.271821410246234	-0.620386968327456	164	1	1	1	1	1	1
TCGA.66.2758.01A	0	0	0.000618185710530895	0.0012789928528057	0	0.00178968110809039	0	0	0	0.000569916169042039	0.00109248799658782	24.9819611892988	5	1.11718709729607	-0.610953526594385	467	1	1	1	1	1	1
TCGA.66.2759.01A	0	0	0	0.000604138866350985	0	0.000495581264607839	0	6.29659070062718e-06	0	0	0.00060122757763287	23.7555727329097	6	0.434448916145163	-0.376564875350089	567	1	1	1	1	1	1
TCGA.66.2771.01A	0.000342338650722449	6.75807279618046e-05	0.00211864788490763	0.0013981058136959	0	0.000940656495513617	8.57247127732983e-05	9.95682684847587e-05	0	0	0.00133223256958478	23.0845489432248	7	-0.206548073511518	-0.353160126803782	391	1	1	1	1	1	1
TCGA.66.2778.01A	0	0	0.000945543269835863	8.32616325160023e-05	0	0	8.90522565735802e-05	0	2.50447866687952e-05	3.12983319947801e-06	0.000134135035139781	13.4454292023632	8	-1.48711143169408	-0.186098337734832	196	1	1	1	1	1	1
TCGA.66.2783.01A	0	4.75969513152348e-05	0.0016738114387227	0.000411851486346	0	0	0	0.000238894643496732	0	0	0.000221737001836397	18.7569087375622	8	-0.0256715910286554	-0.149527942178698	327	1	1	1	1	1	1
TCGA.66.2792.01A	0	0	0	7.81063063201981e-05	0	4.40518784824078e-05	0	0	0	0.000108109134309648	0.000436182074357138	18.5279254224746	8	-0.082643091163792	-0.140576889944443	185	1	1	1	1	1	1
TCGA.68.7756.01A	0	0	0.00172159366637112	4.88522220714516e-05	0	7.05927654418845e-05	0	1.62128762554566e-05	0	1.92865217931621e-05	0.000195707990077334	16.8425659182875	7	-0.22173967739625	-0.0915501640168048	146	1	1	1	1	1	1
TCGA.68.8251.01A	3.4259996981643e-06	0	0.00087348349661509	0.000312083972197567	0	0	0	0	0	0	0.000663701265398748	21.7492301272031	12	-0.0379701950079871	-0.0138027357831774	391	1	1	1	1	1	1
TCGA.85.6560.01A	0	0	0.0014689499891976	0.000415637614943931	0	0.00027242401185226	0.000447569104797795	0	0	0	0.000977871902050478	23.7293677908441	10	0.381452416988047	0.0171262413270192	554	1	1	1	1	1	1
TCGA.85.7697.01A	0.00038292033567355	0.000189254924888328	0.00297393658315389	0.000176023645661276	0	0.000306143414971019	0.000256444193158281	0.000280516450436994	0	0	0.000333343831538306	18.8812622723796	8	-0.144221682774473	0.0911803683594119	358	1	1	1	1	1	1
TCGA.85.7699.01A	0	0	0.000365639463042049	0.00234712891221908	0	0.00154398644171086	0.000309063548499307	8.83560481327125e-06	0	0	0.00151243500983676	26.5760239881652	10	1.08749127335292	0.158674944808825	250	1	1	1	1	1	1
TCGA.85.8276.01A	0	6.59845176699803e-05	0.00205633219541195	0.000749171950988592	0	0.000233709900207233	0.00102097567657252	0.000369229346302592	0	0	0.000936374871878829	23.5772101078421	7	0.765703797021577	0.162701013269694	365	1	1	1	1	1	1
TCGA.85.8351.01A	0	0	0	0	0	4.06437937699431e-05	3.71639870924098e-05	0	0	0	0.000293790494767706	16.7476382576164	6	-0.399471303262751	0.216073712136136	189	1	1	1	1	1	1
TCGA.85.8664.01A	0	0	0.000163188741989359	2.56169732403629e-05	0	0	0.000189441333422592	0	0	0	1.70049914596467e-05	12.6699928647383	8	-1.30533193943284	0.234003979601943	320	1	1	1	1	1	1
TCGA.90.6837.01A	0	0	0.0010799408554025	0.000243856615492745	0	6.79363549728357e-05	0.000273487947745131	0	0	0	0.000364628804888314	19.5362818867074	6	-0.294620242843768	0.262122165983875	NA	1	1	1	1	1	1
TCGA.90.A4EE.01A	0	0.00264809499217799	0	0.00392243342767161	0	0.00177771145371294	0	0.000535517515103061	0	0	0.00219123501952798	29.0751350257168	8	1.64794777282798	0.311736886424554	481	1	1	1	1	1	1
TCGA.90.A59Q.01A	0.000504996263117505	0	6.10460786599514e-05	0.0013729981682007	0	0.0023933574731218	0.000363987289532723	0	0	6.77058333712148e-05	0.00138563150652051	26.7253472785331	9	1.22714348099386	0.349078554767425	386	1	1	1	1	1	1
TCGA.92.7340.01A	0.000217050855852067	0	0.000923534939859099	0.000845467762044604	0	0.000219423580529366	0.00015842205414339	0.000302798360427657	0	0	0.00146551808343238	21.5201221839649	10	0.31992097442299	0.44210225068803	588	1	1	1	1	1	1
TCGA.92.8064.01A	0	0	0.0017209453191079	0.00324283258989041	0	0.000183185980295095	0	0.000513992602788493	0	0	0.0026867954660003	31.4359538557959	7	2.06120357154681	0.488687280450681	274	1	1	1	1	1	1
TCGA.94.7033.01A	6.84092807355556e-05	0	0.000186502380882453	0	0	5.88254074652479e-05	0.000207658414986036	7.13506011986521e-06	0	0.000123159349926199	0.000238597889841948	14.4344413964561	12	-0.695222686448855	0.514610034320458	172	1	1	1	1	1	1
TCGA.94.A5I6.01A	0	0	4.41550365721194e-05	0	0.000410371658449106	0	0	0	0	0	0.000121613930693652	13.8757728648362	8	-0.497352257474982	0.553565615228731	226	1	1	1	1	1	1
TCGA.J1.A4AH.01A	0	0.000106853765451038	0.00151463530007213	1.82904214448923e-05	0	5.87094661710122e-05	0.00017272862038635	4.84155875094377e-05	0	7.08308368733939e-05	4.36282236287577e-05	16.7906186109064	10	-0.468973479623883	0.598558708624022	247	1	1	1	1	1	1
TCGA.L3.A524.01A	0	0	4.28297676560439e-05	0	0	0	0.000266431072111265	0	0	0	0.000175542170370293	16.3936690713339	7	-0.361554142381339	0.642693585723982	445	1	1	1	1	1	1
TCGA.LA.A7SW.01A	0	0	0	0	0.000141557720713967	0	0	0	0	0	2.58632818008102e-05	12.8281075328364	8	-0.520579863340639	0.680236695421242	128	1	1	1	1	1	1
TCGA.NC.A5HE.01A	0.000126276502815889	0	0	0.00589503708697366	0	0.000261586092420853	0	0	0	0.000141904517599746	0.00328443789057655	30.2543695344354	4	1.80533604215889	0.702286865891035	270	1	1	1	1	1	1
TCGA.NC.A5HG.01A	0	0	0	0	0	0	6.7721012286839e-05	0	0	0	0.000137991949761948	8.30623602155481	11	-1.06068358067822	0.727197164042437	820	1	1	1	1	1	1
TCGA.NC.A5HI.01A	1.71254349648782e-05	0	7.25267899368073e-05	0.000213494544555422	0	4.19717109689505e-06	0.000289618086269833	0	0	3.0115301936458e-06	0.000230944492762935	14.439274699619	11	-0.950226755234167	0.842328563022017	574	1	1	1	1	1	1
TCGA.NC.A5HJ.01A	0.000296149320084248	0	0.000931987659909132	0.00322538338921664	0	0.000586092665917398	0	0	0	0	0.00123705215080393	27.396405880243	10	1.42949031928513	0.928149300480416	511	1	1	1	1	1	1
TCGA.NC.A5HK.01A	0.000162067789067751	0	0.000130758094061704	8.91237705848422e-05	0	0	0.000192259980568348	0	0	0	7.06297717539442e-05	19.9603572404319	7	0.468305355834357	1.10585745280537	362	1	1	1	1	1	1
TCGA.NC.A5HO.01A	0	0	0	0.000282528840570088	0	0.000532071996137552	0.000238510871780965	0	0	0	0.000360017347630676	15.0339994816593	10	-0.473189223037346	1.12887007805283	334	1	1	1	1	1	1
TCGA.NC.A5HP.01A	1.72789613809061e-05	0	0.00014028186219739	0	0	0	0.000188567414774808	0	0	0	0.000167794527691439	12.4610680037267	6	-1.16276679019504	1.28881032698754	554	1	1	1	1	1	1
TCGA.NC.A5HQ.01A	0.000562300895529808	0.000586082565683977	0.00143988218262867	0.000423731780603512	0	0.000274440826534582	0.000165428665408991	0.000410898973032696	0	0	0	21.803171648802	10	0.313572297391778	1.42285874022738	452	1	1	1	1	1	1
TCGA.NC.A5HR.01A	0	0	0	0.000222794351969618	0	0	6.75628328824007e-05	0	0	0.00013544870086102	0.000563490566271162	17.9477583242052	9	-0.105330503349619	1.57610810948239	436	1	1	1	1	1	1
TCGA.NC.A5HT.01A	0	3.88031673888546e-05	2.75369680275002e-05	0	0	0	0.00010531821126715	0	0	0	3.62127069965589e-05	8.66141006673221	8	-0.862245750962827	2.55861187152806	447	1	1	1	1	1	1
TCGA.D3.A1Q3.06A	0.0010705764349179	0	0.000505042605143148	0.00153746469949187	0	0	0.000153083030225643	0.000686568719773061	0	0	0.0003074534689751	23.7456202649366	9	0.752512340171358	-3.78524732788873	57	1	1	1	1	1	1
TCGA.D3.A51H.06A	0.0107224788954872	0.0110101933286906	0.00685599667567639	0.00245791382670473	0.000449671526214933	0.000238741239385687	0.00275485434142288	0.00285226207664367	0	9.41232857110273e-05	0.00114123944791295	26.6528150727613	7	0.721214755568487	-1.49268067944395	24	1	1	1	1	1	1
TCGA.EB.A24D.01A	0	0	0.000363564537031731	0.000311858923890811	0	0	0.00020490057767302	0.000134224424557946	0	0	0.000175975482859462	16.2031917286397	10	-0.321800842726104	-1.30465330410532	831	1	1	1	1	1	1
TCGA.EB.A57M.01A	0	0	0.00121233536130315	0.000161001662788804	0	0	3.00108193158727e-06	0.000136688044806224	0	5.63320039181303e-05	3.04801447910322e-05	15.6503574461326	9	-0.731884463915273	-0.945138591162282	59	1	1	1	1	1	1
TCGA.EB.A5KH.06A	0.000201170268189031	8.32985369266403e-07	0	0	0	0	6.2091937234865e-06	0.000160109496852541	0	0	0	6.30553924961645	8	-1.59008682146317	-0.108121052069351	54	1	1	1	1	1	1
TCGA.EB.A6QY.01A	0	0	7.44630510082659e-05	2.7770409027834e-06	0	0	0.000139492209611393	0	0	0	0.000107342694563881	11.9913382897345	9	-0.44534331646504	0.185321609386033	913	1	1	1	1	1	1
TCGA.GF.A3OT.06A	0	0	1.74855449240612e-05	0.00025993186643871	0	0.000617718039900875	0.000134589904649511	0	0	0	6.23496838771989e-05	24.0925845610324	9	0.540474660136108	0.298137924115	797	1	1	1	1	1	1
TCGA.W3.A825.06A	0	0	0.000803748571397872	0.0010387587100955	0	0.0013349197709548	0.000676393245744403	0.000110329797580873	0	0	0.000434083717080082	24.161290971685	8	0.834348897272703	1.78534622313483	1591	1	1	1	1	1	1
